community	parCol	i	j	Niche_i	Niche_j	pctGrass_i	pctGrass_j	BM_i	BM_j	Rmax_i	Rmax_j	d13Cmean_i	d13Cmean_j	d13Csd_i	d13Csd_j	d15Nmean_i	d15Nmean_j	d15Nsd_i	d15Nsd_j	SEAi_mean	SEAj_mean	SEA_p_ilarger	SEA_p_jlarger	isunique	O	Oij	rho	Olap
Kruger_NB_2004_10	1	Aepyceros_melampus	Connochaetes_taurinus	IM	GR	60	87.5	52.5	180	0.3086	0.3073	-18.319	-15.546	1.3763	0.3361	6.478	4.436	0.8673	0.6352	3.3196	0.6942	0.9998	0.0002	1	0.0663	0.076	0.1606	0.249633971900122
Kruger_NB_2004_10	2	Aepyceros_melampus	Equus_quagga	IM	GR	60	90	52.5	276	0.3086	0.1853	-18.319	-14.464	1.3763	0.3838	6.478	4.521	0.8673	0.3901	3.3196	0.4235	1	0	1	0.0176	0.0186	0.0563	0.064764070419012
Kruger_NB_2004_10	3	Aepyceros_melampus	Giraffa_camelopardalis	IM	BR	60	0.9	52.5	900	0.3086	0.1751	-18.319	-26.185	1.3763	0.2786	6.478	5.408	0.8673	3.4681	3.3196	3.3277	0.4928	0.5073	1	0.0002	0.0005	0.0005	0.001626854091242
Kruger_NB_2004_10	4	Aepyceros_melampus	Syncerus_caffer	IM	GR	60	90	52.5	580	0.3086	0.1647	-18.319	-15.528	1.3763	0.4306	6.478	5.341	0.8673	1.6951	3.3196	2.1129	0.846	0.154	1	0.0936	0.1391	0.1747	0.465154361655512
Kruger_NB_2004_10	5	Connochaetes_taurinus	Equus_quagga	GR	GR	87.5	90	180	276	0.3073	0.1853	-15.546	-14.464	0.3361	0.3838	4.436	4.521	0.6352	0.3901	0.6942	0.4235	0.8615	0.1385	1	0.1332	0.1796	0.2306	0.131421830481524
Kruger_NB_2004_10	6	Connochaetes_taurinus	Giraffa_camelopardalis	GR	BR	87.5	0.9	180	900	0.3073	0.1751	-15.546	-26.185	0.3361	0.2786	4.436	5.408	0.6352	3.4681	0.6942	3.3277	0.0003	0.9998	1	0	0	0	0
Kruger_NB_2004_10	7	Connochaetes_taurinus	Syncerus_caffer	GR	GR	87.5	90	180	580	0.3073	0.1647	-15.546	-15.528	0.3361	0.4306	4.436	5.341	0.6352	1.6951	0.6942	2.1129	0.0065	0.9935	1	0.2674	0.7937	0.4708	0.59221742884926
Kruger_NB_2004_10	8	Equus_quagga	Giraffa_camelopardalis	GR	BR	90	0.9	276	900	0.1853	0.1751	-14.464	-26.185	0.3838	0.2786	4.521	5.408	0.3901	3.4681	0.4235	3.3277	0	1	1	0	0	0	0
Kruger_NB_2004_10	9	Equus_quagga	Syncerus_caffer	GR	GR	90	90	276	580	0.1853	0.1647	-14.464	-15.528	0.3838	0.4306	4.521	5.341	0.3901	1.6951	0.4235	2.1129	0.0003	0.9998	1	0.0601	0.32	0.1438	0.143821774497072
Kruger_NB_2004_10	10	Giraffa_camelopardalis	Syncerus_caffer	BR	GR	0.9	90	900	580	0.1751	0.1647	-26.185	-15.528	0.2786	0.4306	5.408	5.341	3.4681	1.6951	3.3277	2.1129	0.8438	0.1563	1	0	0	0	0
Kruger_NB_2004_11	1	Aepyceros_melampus	Connochaetes_taurinus	IM	GR	60	87.5	52.5	180	0.3086	0.3073	-16.521	-14.942	0.7147	0.9708	8.057	6.448	1.663	1.5696	3.8957	4.7074	0.3403	0.6598	1	0.2665	0.5216	0.4304	1.81020273019254
Kruger_NB_2004_11	2	Aepyceros_melampus	Equus_quagga	IM	GR	60	90	52.5	276	0.3086	0.1853	-16.521	-13.807	0.7147	0.3131	8.057	3.658	1.663	0.5395	3.8957	0.544	1	0	1	0	0	0.0001	0.000103541086435
Kruger_NB_2004_11	3	Aepyceros_melampus	Giraffa_camelopardalis	IM	BR	60	0.9	52.5	900	0.3086	0.1751	-16.521	-26.0563	0.7147	0.3507	8.057	4.025	1.663	1.7815	3.8957	2.1007	0.896	0.104	1	0	0	0	0
Kruger_NB_2004_11	4	Aepyceros_melampus	Syncerus_caffer	IM	GR	60	90	52.5	580	0.3086	0.1647	-16.521	-15.691	0.7147	0.3499	8.057	3.554	1.663	0.7774	3.8957	0.8457	0.999	0.001	1	0.0342	0.0408	0.083	0.156891522320093
Kruger_NB_2004_11	5	Connochaetes_taurinus	Equus_quagga	GR	GR	87.5	90	180	276	0.3073	0.1853	-14.942	-13.807	0.9708	0.3131	6.448	3.658	1.5696	0.5395	4.7074	0.544	1	0	1	0.0819	0.085	0.2455	0.39741113151014
Kruger_NB_2004_11	6	Connochaetes_taurinus	Giraffa_camelopardalis	GR	BR	87.5	0.9	180	900	0.3073	0.1751	-14.942	-26.0563	0.9708	0.3507	6.448	4.025	1.5696	1.7815	4.7074	2.1007	0.9523	0.0478	1	0	0	0	0
Kruger_NB_2004_11	7	Connochaetes_taurinus	Syncerus_caffer	GR	GR	87.5	90	180	580	0.3073	0.1647	-14.942	-15.691	0.9708	0.3499	6.448	3.554	1.5696	0.7774	4.7074	0.8457	0.9998	0.0002	1	0.0671	0.0734	0.1739	0.349305677100997
Kruger_NB_2004_11	8	Equus_quagga	Giraffa_camelopardalis	GR	BR	90	0.9	276	900	0.1853	0.1751	-13.807	-26.0563	0.3131	0.3507	3.658	4.025	0.5395	1.7815	0.544	2.1007	0.0035	0.9965	1	0	0	0	0
Kruger_NB_2004_11	9	Equus_quagga	Syncerus_caffer	GR	GR	90	90	276	580	0.1853	0.1647	-13.807	-15.691	0.3131	0.3499	3.658	3.554	0.5395	0.7774	0.544	0.8457	0.1675	0.8325	1	0.0155	0.0356	0.0287	0.021159970214508
Kruger_NB_2004_11	10	Giraffa_camelopardalis	Syncerus_caffer	BR	GR	0.9	90	900	580	0.1751	0.1647	-26.0563	-15.691	0.3507	0.3499	4.025	3.554	1.7815	0.7774	2.1007	0.8457	0.9663	0.0337	1	0	0	0	0
Kruger_NB_2004_12	1	Aepyceros_melampus	Connochaetes_taurinus	IM	GR	60	87.5	52.5	180	0.3086	0.3073	-17.69	-15.4433	1.5167	0.8514	6.849	7.455	2.4419	2.6651	9.4505	6.02	0.828	0.172	1	0.2413	0.3362	0.4023	3.00698988645029
Kruger_NB_2004_12	2	Aepyceros_melampus	Equus_quagga	IM	GR	60	90	52.5	276	0.3086	0.1853	-17.69	-14.492	1.5167	0.629	6.849	3.86	2.4419	0.6688	9.4505	1.0779	1	0	1	0.0028	0.003	0.0092	0.029166489536198
Kruger_NB_2004_12	3	Aepyceros_melampus	Giraffa_camelopardalis	IM	BR	60	0.9	52.5	900	0.3086	0.1751	-17.69	-26.1989	1.5167	0.8164	6.849	2.6944	2.4419	0.7506	9.4505	2.1455	0.9998	0.0002	1	0.0001	0.0001	0.0003	0.000784926849755
Kruger_NB_2004_12	4	Aepyceros_melampus	Syncerus_caffer	IM	GR	60	90	52.5	580	0.3086	0.1647	-17.69	-14.294	1.5167	0.2577	6.849	4.99	2.4419	0.6024	9.4505	0.4759	1	0	1	0.0034	0.0035	0.015	0.033812796958758
Kruger_NB_2004_12	5	Connochaetes_taurinus	Equus_quagga	GR	GR	87.5	90	180	276	0.3073	0.1853	-15.4433	-14.492	0.8514	0.629	7.455	3.86	2.6651	0.6688	6.02	1.0779	0.9998	0.0002	1	0.0362	0.0408	0.0966	0.248250220143622
Kruger_NB_2004_12	6	Connochaetes_taurinus	Giraffa_camelopardalis	GR	BR	87.5	0.9	180	900	0.3073	0.1751	-15.4433	-26.1989	0.8514	0.8164	7.455	2.6944	2.6651	0.7506	6.02	2.1455	0.9703	0.0298	1	0	0	0	0
Kruger_NB_2004_12	7	Connochaetes_taurinus	Syncerus_caffer	GR	GR	87.5	90	180	580	0.3073	0.1647	-15.4433	-14.294	0.8514	0.2577	7.455	4.99	2.6651	0.6024	6.02	0.4759	1	0	1	0.0206	0.0216	0.0779	0.130861659083648
Kruger_NB_2004_12	8	Equus_quagga	Giraffa_camelopardalis	GR	BR	90	0.9	276	900	0.1853	0.1751	-14.492	-26.1989	0.629	0.8164	3.86	2.6944	0.6688	0.7506	1.0779	2.1455	0.0703	0.9298	1	0	0	0	0
Kruger_NB_2004_12	9	Equus_quagga	Syncerus_caffer	GR	GR	90	90	276	580	0.1853	0.1647	-14.492	-14.294	0.629	0.2577	3.86	4.99	0.6688	0.6024	1.0779	0.4759	0.9643	0.0357	1	0.1873	0.2345	0.3412	0.245126209153982
Kruger_NB_2004_12	10	Giraffa_camelopardalis	Syncerus_caffer	BR	GR	0.9	90	900	580	0.1751	0.1647	-26.1989	-14.294	0.8164	0.2577	2.6944	4.99	0.7506	0.6024	2.1455	0.4759	0.9983	0.0018	1	0	0	0	0
Kruger_NB_2004_6	1	Aepyceros_melampus	Connochaetes_taurinus	IM	GR	60	87.5	52.5	180	0.3086	0.3073	-19.8508	-13.757	2.8058	0.4585	3.8575	5.562	1.9469	3.8104	18.6105	6.1088	0.9928	0.0072	1	0.0602	0.0758	0.1347	1.40416944338476
Kruger_NB_2004_6	2	Aepyceros_melampus	Equus_quagga	IM	GR	60	90	52.5	276	0.3086	0.1853	-19.8508	-13.588	2.8058	0.3463	3.8575	4.087	1.9469	2.6226	18.6105	3.1755	0.9998	0.0002	1	0.045	0.0503	0.1237	0.937557897062639
Kruger_NB_2004_6	3	Aepyceros_melampus	Giraffa_camelopardalis	IM	BR	60	0.9	52.5	900	0.3086	0.1751	-19.8508	-26.7967	2.8058	0.4512	3.8575	4.3033	1.9469	1.4909	18.6105	2.112	1	0	1	0.0296	0.0315	0.0971	0.59569209477723
Kruger_NB_2004_6	4	Aepyceros_melampus	Syncerus_caffer	IM	GR	60	90	52.5	580	0.3086	0.1647	-19.8508	-14.203	2.8058	0.3712	3.8575	3.47	1.9469	0.6852	18.6105	0.5885	1	0	1	0.0234	0.0235	0.1293	0.438581150292888
Kruger_NB_2004_6	5	Connochaetes_taurinus	Equus_quagga	GR	GR	87.5	90	180	276	0.3073	0.1853	-13.757	-13.588	0.4585	0.3463	5.562	4.087	3.8104	2.6226	6.1088	3.1755	0.9225	0.0775	1	0.404	0.4673	0.594	2.6713596038828
Kruger_NB_2004_6	6	Connochaetes_taurinus	Giraffa_camelopardalis	GR	BR	87.5	0.9	180	900	0.3073	0.1751	-13.757	-26.7967	0.4585	0.4512	5.562	4.3033	3.8104	1.4909	6.1088	2.112	0.9865	0.0135	1	0	0	0	0
Kruger_NB_2004_6	7	Connochaetes_taurinus	Syncerus_caffer	GR	GR	87.5	90	180	580	0.3073	0.1647	-13.757	-14.203	0.4585	0.3712	5.562	3.47	3.8104	0.6852	6.1088	0.5885	1	0	1	0.0763	0.0788	0.2387	0.474689340374352
Kruger_NB_2004_6	8	Equus_quagga	Giraffa_camelopardalis	GR	BR	90	0.9	276	900	0.1853	0.1751	-13.588	-26.7967	0.3463	0.4512	4.087	4.3033	2.6226	1.4909	3.1755	2.112	0.8123	0.1878	1	0	0	0	0
Kruger_NB_2004_6	9	Equus_quagga	Syncerus_caffer	GR	GR	90	90	276	580	0.1853	0.1647	-13.588	-14.203	0.3463	0.3712	4.087	3.47	2.6226	0.6852	3.1755	0.5885	0.9998	0.0002	1	0.0953	0.1033	0.2353	0.32740535568065
Kruger_NB_2004_6	10	Giraffa_camelopardalis	Syncerus_caffer	BR	GR	0.9	90	900	580	0.1751	0.1647	-26.7967	-14.203	0.4512	0.3712	4.3033	3.47	1.4909	0.6852	2.112	0.5885	0.996	0.004	1	0	0	0	0
Kruger_NB_2004_7	1	Aepyceros_melampus	Connochaetes_taurinus	IM	GR	60	87.5	52.5	180	0.3086	0.3073	-20.616	-13.8813	1.0191	0.3971	2.27	3.2313	1.1483	2.5425	3.4843	3.2951	0.563	0.437	1	0	0	0	0
Kruger_NB_2004_7	3	Aepyceros_melampus	Giraffa_camelopardalis	IM	BR	60	0.9	52.5	900	0.3086	0.1751	-20.616	-26.77	1.0191	0.3023	2.27	4.648	1.1483	2.9982	3.4843	3.2035	0.6133	0.3868	1	0	0	0	0
Kruger_NB_2004_7	4	Aepyceros_melampus	Syncerus_caffer	IM	GR	60	90	52.5	580	0.3086	0.1647	-20.616	-14.972	1.0191	0.601	2.27	3.578	1.1483	0.8552	3.4843	1.5951	0.9628	0.0373	1	0.0003	0.0005	0.0006	0.001562629260874
Kruger_NB_2004_7	6	Connochaetes_taurinus	Giraffa_camelopardalis	GR	BR	87.5	0.9	180	900	0.3073	0.1751	-13.8813	-26.77	0.3971	0.3023	3.2313	4.648	2.5425	2.9982	3.2951	3.2035	0.5618	0.4383	1	0	0	0	0
Kruger_NB_2004_7	7	Connochaetes_taurinus	Syncerus_caffer	GR	GR	87.5	90	180	580	0.3073	0.1647	-13.8813	-14.972	0.3971	0.601	3.2313	3.578	2.5425	0.8552	3.2951	1.5951	0.93	0.07	1	0.1492	0.1942	0.2721	0.634756924260225
Kruger_NB_2004_7	10	Giraffa_camelopardalis	Syncerus_caffer	BR	GR	0.9	90	900	580	0.1751	0.1647	-26.77	-14.972	0.3023	0.601	4.648	3.578	2.9982	0.8552	3.2035	1.5951	0.869	0.131	1	0	0	0	0
Kruger_NB_2004_8	1	Aepyceros_melampus	Connochaetes_taurinus	IM	GR	60	87.5	52.5	180	0.3086	0.3073	-21.503	-15.348	1.2546	0.2379	3.466	3.08	1.8377	0.5505	7.9379	0.3928	1	0	1	0.0002	0.0002	0.0014	0.001315955077722
Kruger_NB_2004_8	2	Aepyceros_melampus	Equus_quagga	IM	GR	60	90	52.5	276	0.3086	0.1853	-21.503	-14.3	1.2546	0.6748	3.466	3.276	1.8377	0.9156	7.9379	2.1429	0.997	0.003	1	0.0005	0.0005	0.0017	0.00474786598981
Kruger_NB_2004_8	3	Aepyceros_melampus	Giraffa_camelopardalis	IM	BR	60	0.9	52.5	900	0.3086	0.1751	-21.503	-26.635	1.2546	0.4093	3.466	5.528	1.8377	1.3355	7.9379	1.9121	0.9998	0.0002	1	0.0051	0.0061	0.0137	0.050118693245478
Kruger_NB_2004_8	4	Aepyceros_melampus	Syncerus_caffer	IM	GR	60	90	52.5	580	0.3086	0.1647	-21.503	-14.671	1.2546	0.3308	3.466	3.363	1.8377	0.3637	7.9379	0.4174	1	0	1	0.0001	0.0001	0.0011	0.001030194613575
Kruger_NB_2004_8	5	Connochaetes_taurinus	Equus_quagga	GR	GR	87.5	90	180	276	0.3073	0.1853	-15.348	-14.3	0.2379	0.6748	3.08	3.276	0.5505	0.9156	0.3928	2.1429	0	1	1	0.1427	0.7494	0.3249	0.316706230709817
Kruger_NB_2004_8	6	Connochaetes_taurinus	Giraffa_camelopardalis	GR	BR	87.5	0.9	180	900	0.3073	0.1751	-15.348	-26.635	0.2379	0.4093	3.08	5.528	0.5505	1.3355	0.3928	1.9121	0.0003	0.9998	1	0	0	0	0
Kruger_NB_2004_8	7	Connochaetes_taurinus	Syncerus_caffer	GR	GR	87.5	90	180	580	0.3073	0.1647	-15.348	-14.671	0.2379	0.3308	3.08	3.363	0.5505	0.3637	0.3928	0.4174	0.4475	0.5525	1	0.211	0.3414	0.3307	0.141149327555474
Kruger_NB_2004_8	8	Equus_quagga	Giraffa_camelopardalis	GR	BR	90	0.9	276	900	0.1853	0.1751	-14.3	-26.635	0.6748	0.4093	3.276	5.528	0.9156	1.3355	2.1429	1.9121	0.6038	0.3963	1	0	0	0	0
Kruger_NB_2004_8	9	Equus_quagga	Syncerus_caffer	GR	GR	90	90	276	580	0.1853	0.1647	-14.3	-14.671	0.6748	0.3308	3.276	3.363	0.9156	0.3637	2.1429	0.4174	1	0	1	0.2025	0.2059	0.4316	0.431216631980368
Kruger_NB_2004_8	10	Giraffa_camelopardalis	Syncerus_caffer	BR	GR	0.9	90	900	580	0.1751	0.1647	-26.635	-14.671	0.4093	0.3308	5.528	3.363	1.3355	0.3637	1.9121	0.4174	0.9995	0.0005	1	0	0	0	0
Kruger_NB_2004_9	2	Aepyceros_melampus	Equus_quagga	IM	GR	60	90	52.5	276	0.3086	0.1853	-18.58	-15.0088	0.9335	0.3405	5.245	4.6213	1.404	0.6004	4.4979	0.5515	1	0	1	0.0101	0.0108	0.0313	0.050246006656563
Kruger_NB_2004_9	3	Aepyceros_melampus	Giraffa_camelopardalis	IM	BR	60	0.9	52.5	900	0.3086	0.1751	-18.58	-26.7089	0.9335	0.2699	5.245	5.9111	1.404	2.0692	4.4979	1.7591	0.9783	0.0218	1	0	0	0	0
Kruger_NB_2004_9	4	Aepyceros_melampus	Syncerus_caffer	IM	GR	60	90	52.5	580	0.3086	0.1647	-18.58	-15.112	0.9335	0.5786	5.245	5.172	1.404	0.7288	4.4979	1.4776	0.991	0.009	1	0.0316	0.0399	0.0684	0.183247185690603
Kruger_NB_2004_9	8	Equus_quagga	Giraffa_camelopardalis	GR	BR	90	0.9	276	900	0.1853	0.1751	-15.0088	-26.7089	0.3405	0.2699	4.6213	5.9111	0.6004	2.0692	0.5515	1.7591	0.011	0.989	1	0	0	0	0
Kruger_NB_2004_9	9	Equus_quagga	Syncerus_caffer	GR	GR	90	90	276	580	0.1853	0.1647	-15.0088	-15.112	0.3405	0.5786	4.6213	5.172	0.6004	0.7288	0.5515	1.4776	0.0233	0.9768	1	0.2616	0.7809	0.4637	0.420722659251681
Kruger_NB_2004_9	10	Giraffa_camelopardalis	Syncerus_caffer	BR	GR	0.9	90	900	580	0.1751	0.1647	-26.7089	-15.112	0.2699	0.5786	5.9111	5.172	2.0692	0.7288	1.7591	1.4776	0.641	0.359	1	0	0	0	0
Kruger_NB_2005_1	1	Aepyceros_melampus	Connochaetes_taurinus	IM	GR	60	87.5	52.5	180	0.3086	0.3073	-17.19	-15.1738	1.2654	0.7333	9.13	7.0488	2.3832	1.847	9.064	3.754	0.9685	0.0315	1	0.1586	0.2006	0.2978	1.75419601302407
Kruger_NB_2005_1	2	Aepyceros_melampus	Equus_quagga	IM	GR	60	90	52.5	276	0.3086	0.1853	-17.19	-15.375	1.2654	1.474	9.13	5.341	2.3832	0.9075	9.064	4.6329	0.928	0.072	1	0.1243	0.1716	0.233	1.51479251572242
Kruger_NB_2005_1	3	Aepyceros_melampus	Giraffa_camelopardalis	IM	BR	60	0.9	52.5	900	0.3086	0.1751	-17.19	-26.0833	1.2654	0.5462	9.13	4.27	2.3832	0.7398	9.064	1.4371	1	0	1	0	0	0	0
Kruger_NB_2005_1	4	Aepyceros_melampus	Syncerus_caffer	IM	GR	60	90	52.5	580	0.3086	0.1647	-17.19	-15.32	1.2654	0.7822	9.13	5.5633	2.3832	0.4969	9.064	1.1136	0.9998	0.0002	1	0.0382	0.0414	0.1143	0.374150765541705
Kruger_NB_2005_1	5	Connochaetes_taurinus	Equus_quagga	GR	GR	87.5	90	180	276	0.3073	0.1853	-15.1738	-15.375	0.7333	1.474	7.0488	5.341	1.847	0.9075	3.754	4.6329	0.3233	0.6768	1	0.2636	0.4794	0.4235	1.7497458939695
Kruger_NB_2005_1	6	Connochaetes_taurinus	Giraffa_camelopardalis	GR	BR	87.5	0.9	180	900	0.3073	0.1751	-15.1738	-26.0833	0.7333	0.5462	7.0488	4.27	1.847	0.7398	3.754	1.4371	0.9725	0.0275	1	0	0	0	0
Kruger_NB_2005_1	7	Connochaetes_taurinus	Syncerus_caffer	GR	GR	87.5	90	180	580	0.3073	0.1647	-15.1738	-15.32	0.7333	0.7822	7.0488	5.5633	1.847	0.4969	3.754	1.1136	0.99	0.01	1	0.1895	0.213	0.3753	0.775450360867651
Kruger_NB_2005_1	8	Equus_quagga	Giraffa_camelopardalis	GR	BR	90	0.9	276	900	0.1853	0.1751	-15.375	-26.0833	1.474	0.5462	5.341	4.27	0.9075	0.7398	4.6329	1.4371	0.9958	0.0042	1	0	0	0	0
Kruger_NB_2005_1	9	Equus_quagga	Syncerus_caffer	GR	GR	90	90	276	580	0.1853	0.1647	-15.375	-15.32	1.474	0.7822	5.341	5.5633	0.9075	0.4969	4.6329	1.1136	0.9983	0.0018	1	0.2338	0.2403	0.4635	1.0887836837776
Kruger_NB_2005_1	10	Giraffa_camelopardalis	Syncerus_caffer	BR	GR	0.9	90	900	580	0.1751	0.1647	-26.0833	-15.32	0.5462	0.7822	4.27	5.5633	0.7398	0.4969	1.4371	1.1136	0.7018	0.2983	1	0	0	0	0
Kruger_NB_2005_2	2	Aepyceros_melampus	Equus_quagga	IM	GR	60	90	52.5	276	0.3086	0.1853	-15.926	-14.02	1.552	0.8912	6.651	4.542	2.0222	0.8271	9.9151	2.4962	0.9988	0.0012	1	0.2001	0.2118	0.413	2.06901708363864
Kruger_NB_2005_2	3	Aepyceros_melampus	Giraffa_camelopardalis	IM	BR	60	0.9	52.5	900	0.3086	0.1751	-15.926	-25.789	1.552	0.7009	6.651	5.852	2.0222	0.7816	9.9151	1.7294	1	0	1	0	0	0	0
Kruger_NB_2005_2	4	Aepyceros_melampus	Syncerus_caffer	IM	GR	60	90	52.5	580	0.3086	0.1647	-15.926	-13.211	1.552	1.0158	6.651	4.884	2.0222	0.7245	9.9151	1.9089	0.9998	0.0002	1	0.1412	0.1523	0.3224	1.46284689450445
Kruger_NB_2005_2	8	Equus_quagga	Giraffa_camelopardalis	GR	BR	90	0.9	276	900	0.1853	0.1751	-14.02	-25.789	0.8912	0.7009	4.542	5.852	0.8271	0.7816	2.4962	1.7294	0.7788	0.2213	1	0	0	0	0
Kruger_NB_2005_2	9	Equus_quagga	Syncerus_caffer	GR	GR	90	90	276	580	0.1853	0.1647	-14.02	-13.211	0.8912	1.0158	4.542	4.884	0.8271	0.7245	2.4962	1.9089	0.719	0.281	1	0.3826	0.5196	0.5591	1.21894355799382
Kruger_NB_2005_2	10	Giraffa_camelopardalis	Syncerus_caffer	BR	GR	0.9	90	900	580	0.1751	0.1647	-25.789	-13.211	0.7009	1.0158	5.852	4.884	0.7816	0.7245	1.7294	1.9089	0.4198	0.5803	1	0	0	0	0
Kruger_NB_2005_3	1	Aepyceros_melampus	Connochaetes_taurinus	IM	GR	60	87.5	52.5	180	0.3086	0.3073	-15.949	-14.7022	0.8337	0.6659	7.394	4.45	0.5742	0.6841	1.6607	1.5861	0.5403	0.4598	1	0.0267	0.0557	0.0498	0.084314979447419
Kruger_NB_2005_3	2	Aepyceros_melampus	Equus_quagga	IM	GR	60	90	52.5	276	0.3086	0.1853	-15.949	-14.2	0.8337	0.5786	7.394	4.793	0.5742	0.7428	1.6607	1.5054	0.59	0.41	1	0.0343	0.064	0.0643	0.104950034018639
Kruger_NB_2005_3	3	Aepyceros_melampus	Giraffa_camelopardalis	IM	BR	60	0.9	52.5	900	0.3086	0.1751	-15.949	-25.5	0.8337	0.708	7.394	4.7813	0.5742	1.5689	1.6607	3.7307	0.047	0.953	1	0	0	0	0
Kruger_NB_2005_3	4	Aepyceros_melampus	Syncerus_caffer	IM	GR	60	90	52.5	580	0.3086	0.1647	-15.949	-13.671	0.8337	0.4612	7.394	5.826	0.5742	1.229	1.6607	1.9552	0.36	0.64	1	0.068	0.1433	0.1268	0.230292771082163
Kruger_NB_2005_3	5	Connochaetes_taurinus	Equus_quagga	GR	GR	87.5	90	180	276	0.3073	0.1853	-14.7022	-14.2	0.6659	0.5786	4.45	4.793	0.6841	0.7428	1.5861	1.5054	0.5385	0.4615	1	0.4176	0.5776	0.5944	0.910659731726252
Kruger_NB_2005_3	6	Connochaetes_taurinus	Giraffa_camelopardalis	GR	BR	87.5	0.9	180	900	0.3073	0.1751	-14.7022	-25.5	0.6659	0.708	4.45	4.7813	0.6841	1.5689	1.5861	3.7307	0.0473	0.9528	1	0	0	0	0
Kruger_NB_2005_3	7	Connochaetes_taurinus	Syncerus_caffer	GR	GR	87.5	90	180	580	0.3073	0.1647	-14.7022	-13.671	0.6659	0.4612	4.45	5.826	0.6841	1.229	1.5861	1.9552	0.323	0.677	1	0.226	0.4346	0.3749	0.652740563307504
Kruger_NB_2005_3	8	Equus_quagga	Giraffa_camelopardalis	GR	BR	90	0.9	276	900	0.1853	0.1751	-14.2	-25.5	0.5786	0.708	4.793	4.7813	0.7428	1.5689	1.5054	3.7307	0.034	0.966	1	0	0	0	0
Kruger_NB_2005_3	9	Equus_quagga	Syncerus_caffer	GR	GR	90	90	276	580	0.1853	0.1647	-14.2	-13.671	0.5786	0.4612	4.793	5.826	0.7428	1.229	1.5054	1.9552	0.2783	0.7218	1	0.341	0.6503	0.5248	0.879981175717088
Kruger_NB_2005_3	10	Giraffa_camelopardalis	Syncerus_caffer	BR	GR	0.9	90	900	580	0.1751	0.1647	-25.5	-13.671	0.708	0.4612	4.7813	5.826	1.5689	1.229	3.7307	1.9552	0.9043	0.0958	1	0	0	0	0
Kruger_NB_2005_4	1	Aepyceros_melampus	Connochaetes_taurinus	IM	GR	60	87.5	52.5	180	0.3086	0.3073	-18.559	-14.569	3.2649	1.8157	7.37	4.789	1.5694	0.8787	17.8252	5.2042	0.9963	0.0038	1	0.1612	0.1808	0.3334	3.19684391896383
Kruger_NB_2005_4	2	Aepyceros_melampus	Equus_quagga	IM	GR	60	90	52.5	276	0.3086	0.1853	-18.559	-14.4922	3.2649	0.9908	7.37	4.9189	1.5694	0.9115	17.8252	2.9838	0.9998	0.0002	1	0.1117	0.1194	0.2795	2.09137422727255
Kruger_NB_2005_4	3	Aepyceros_melampus	Giraffa_camelopardalis	IM	BR	60	0.9	52.5	900	0.3086	0.1751	-18.559	-25.597	3.2649	0.7077	7.37	5.308	1.5694	1.0272	17.8252	2.3022	1	0	1	0.0445	0.0474	0.1332	0.857145639032794
Kruger_NB_2005_4	4	Aepyceros_melampus	Syncerus_caffer	IM	GR	60	90	52.5	580	0.3086	0.1647	-18.559	-15.69	3.2649	1.1322	7.37	4.9144	1.5694	0.7297	17.8252	2.8033	1	0	1	0.1191	0.1242	0.3082	2.19527164076498
Kruger_NB_2005_4	5	Connochaetes_taurinus	Equus_quagga	GR	GR	87.5	90	180	276	0.3073	0.1853	-14.569	-14.4922	1.8157	0.9908	4.789	4.9189	0.8787	0.9115	5.2042	2.9838	0.88	0.12	1	0.4479	0.5104	0.6398	2.53306667085215
Kruger_NB_2005_4	6	Connochaetes_taurinus	Giraffa_camelopardalis	GR	BR	87.5	0.9	180	900	0.3073	0.1751	-14.569	-25.597	1.8157	0.7077	4.789	5.308	0.8787	1.0272	5.2042	2.3022	0.9635	0.0365	1	0	0	0	9.99E-21
Kruger_NB_2005_4	7	Connochaetes_taurinus	Syncerus_caffer	GR	GR	87.5	90	180	580	0.3073	0.1647	-14.569	-15.69	1.8157	1.1322	4.789	4.9144	0.8787	0.7297	5.2042	2.8033	0.908	0.092	1	0.4333	0.4788	0.6327	2.4208064387264
Kruger_NB_2005_4	8	Equus_quagga	Giraffa_camelopardalis	GR	BR	90	0.9	276	900	0.1853	0.1751	-14.4922	-25.597	0.9908	0.7077	4.9189	5.308	0.9115	1.0272	2.9838	2.3022	0.6988	0.3013	1	0	0	0	0
Kruger_NB_2005_4	9	Equus_quagga	Syncerus_caffer	GR	GR	90	90	276	580	0.1853	0.1647	-14.4922	-15.69	0.9908	1.1322	4.9189	4.9144	0.9115	0.7297	2.9838	2.8033	0.5465	0.4535	1	0.4206	0.5987	0.6016	1.7133537079629
Kruger_NB_2005_4	10	Giraffa_camelopardalis	Syncerus_caffer	BR	GR	0.9	90	900	580	0.1751	0.1647	-25.597	-15.69	0.7077	1.1322	5.308	4.9144	1.0272	0.7297	2.3022	2.8033	0.36	0.64	1	0	0	0	0
Kruger_NB_2005_5	1	Aepyceros_melampus	Connochaetes_taurinus	IM	GR	60	87.5	52.5	180	0.3086	0.3073	-17.269	-14.445	1.1348	0.4283	6.438	4.537	0.7884	0.4124	2.9203	0.373	1	0	1	0.0161	0.017	0.0529	0.052193480777933
Kruger_NB_2005_5	2	Aepyceros_melampus	Equus_quagga	IM	GR	60	90	52.5	276	0.3086	0.1853	-17.269	-14.861	1.1348	0.2568	6.438	4.441	0.7884	0.6456	2.9203	0.5627	1	0	1	0.0463	0.0518	0.1219	0.154230848682688
Kruger_NB_2005_5	3	Aepyceros_melampus	Giraffa_camelopardalis	IM	BR	60	0.9	52.5	900	0.3086	0.1751	-17.269	-25.775	1.1348	0.1149	6.438	5.455	0.7884	0.8683	2.9203	0.2646	1	0	1	0	0	0	0
Kruger_NB_2005_5	4	Aepyceros_melampus	Syncerus_caffer	IM	GR	60	90	52.5	580	0.3086	0.1647	-17.269	-15.2	1.1348	0.3695	6.438	5.114	0.7884	0.3388	2.9203	0.3643	1	0	1	0.0645	0.0678	0.1902	0.19909554414728
Kruger_NB_2005_5	5	Connochaetes_taurinus	Equus_quagga	GR	GR	87.5	90	180	276	0.3073	0.1853	-14.445	-14.861	0.4283	0.2568	4.537	4.441	0.4124	0.6456	0.373	0.5627	0.1798	0.8203	1	0.2327	0.4758	0.3805	0.176599480158491
Kruger_NB_2005_5	6	Connochaetes_taurinus	Giraffa_camelopardalis	GR	BR	87.5	0.9	180	900	0.3073	0.1751	-14.445	-25.775	0.4283	0.1149	4.537	5.455	0.4124	0.8683	0.373	0.2646	0.778	0.222	1	0	0	0	0
Kruger_NB_2005_5	7	Connochaetes_taurinus	Syncerus_caffer	GR	GR	87.5	90	180	580	0.3073	0.1647	-14.445	-15.2	0.4283	0.3695	4.537	5.114	0.4124	0.3388	0.373	0.3643	0.5238	0.4763	1	0.0609	0.1134	0.1048	0.042328742902011
Kruger_NB_2005_5	8	Equus_quagga	Giraffa_camelopardalis	GR	BR	90	0.9	276	900	0.1853	0.1751	-14.861	-25.775	0.2568	0.1149	4.441	5.455	0.6456	0.8683	0.5627	0.2646	0.9523	0.0478	1	0	0	0	0
Kruger_NB_2005_5	9	Equus_quagga	Syncerus_caffer	GR	GR	90	90	276	580	0.1853	0.1647	-14.861	-15.2	0.2568	0.3695	4.441	5.114	0.6456	0.3388	0.5627	0.3643	0.8298	0.1703	1	0.2153	0.2944	0.3527	0.164213369816977
Kruger_NB_2005_5	10	Giraffa_camelopardalis	Syncerus_caffer	BR	GR	0.9	90	900	580	0.1751	0.1647	-25.775	-15.2	0.1149	0.3695	5.455	5.114	0.8683	0.3388	0.2646	0.3643	0.239	0.761	1	0	0	0	0

